80
1 66
2 66
3 66
4 66
5 66
6 66
7 66
8 66
9 66
10 66
11 66
12 54
12 58
12 61
12 64
12 66
12 69
12 70
12 71
12 73
12 75
12 77
12 78
12 79
13 54
13 55
13 57
13 58
13 60
13 62
13 64
13 66
13 70
13 73
13 74
13 75
13 77
14 54
14 56
14 58
14 60
14 62
14 64
14 65
14 66
14 70
14 73
14 74
14 75
14 77
14 78
15 54
15 58
15 60
15 61
15 62
15 65
15 70
15 73
15 75
15 77
16 2
16 3
16 4
16 5
16 6
16 33
16 36
16 38
16 54
16 58
16 60
16 62
16 65
16 70
16 73
16 75
16 77
16 78
16 79
17 2
17 3
17 7
17 8
17 30
17 31
17 34
17 35
17 36
17 37
17 38
17 39
17 40
17 41
17 44
17 65
17 73
18 2
18 4
18 5
18 8
18 9
18 10
18 31
18 32
18 33
18 35
18 36
18 37
18 38
18 39
18 42
18 43
18 44
18 59
18 60
18 61
18 63
18 64
18 65
18 68
18 69
18 73
18 74
18 77
18 78
18 79
19 5
19 6
19 9
19 10
19 11
19 28
19 32
19 33
19 34
19 45
19 47
19 49
19 50
19 51
19 59
19 63
19 66
19 68
19 70
19 72
19 75
19 77
20 6
20 10
20 11
20 12
20 19
20 20
20 21
20 29
20 30
20 31
20 36
20 37
20 38
20 39
20 40
20 41
20 42
20 43
20 46
20 47
20 48
20 49
20 50
20 51
20 52
20 59
20 60
20 61
20 62
20 63
20 66
20 68
20 69
20 72
20 77
20 78
21 7
21 11
21 12
21 13
21 18
21 20
21 22
21 23
21 26
21 27
21 29
21 30
21 33
21 34
21 35
21 36
21 37
21 38
21 39
21 40
21 44
21 50
21 51
21 52
21 53
21 59
21 63
21 66
21 68
21 70
21 72
21 75
21 77
22 7
22 12
22 13
22 14
22 18
22 20
22 22
22 24
22 25
22 26
22 28
22 32
22 33
22 34
22 35
22 36
22 37
22 38
22 39
22 46
22 47
22 51
22 52
22 53
22 54
22 55
22 56
22 59
22 64
22 65
22 66
22 68
22 70
22 73
22 74
22 77
22 78
22 79
23 7
23 13
23 14
23 15
23 19
23 20
23 22
23 23
23 25
23 26
23 27
23 30
23 31
23 32
23 33
23 36
23 37
23 38
23 44
23 45
23 46
23 47
23 48
23 49
23 53
23 54
23 55
23 56
23 59
24 7
24 8
24 11
24 14
24 15
24 16
24 17
24 20
24 21
24 23
24 29
24 30
24 31
24 32
24 35
24 36
24 37
24 43
24 44
24 45
24 46
24 47
24 55
24 59
24 69
24 70
24 73
24 74
24 75
25 7
25 8
25 15
25 16
25 17
25 18
25 19
25 21
25 22
25 24
25 26
25 27
25 28
25 29
25 30
25 31
25 34
25 35
25 36
25 42
25 43
25 44
25 45
25 55
25 56
25 57
25 58
25 59
25 69
25 71
25 73
26 8
26 16
26 17
26 18
26 19
26 20
26 25
26 26
26 30
26 33
26 35
26 37
26 41
26 42
26 43
26 49
26 50
26 51
26 52
26 53
26 57
26 69
26 70
26 73
26 74
27 8
27 13
27 14
27 17
27 18
27 20
27 21
27 23
27 24
27 25
27 26
27 27
27 28
27 32
27 33
27 37
27 38
27 41
27 42
27 46
27 47
27 48
27 49
27 57
27 58
27 69
27 71
27 73
28 8
28 9
28 12
28 13
28 17
28 18
28 21
28 22
28 23
28 24
28 25
28 26
28 27
28 28
28 29
28 32
28 33
28 34
28 35
28 36
28 40
28 41
28 45
28 46
28 47
28 48
28 58
28 69
28 70
28 73
28 74
28 75
29 8
29 9
29 18
29 19
29 22
29 23
29 24
29 25
29 26
29 27
29 28
29 29
29 31
29 32
29 33
29 34
29 35
29 38
29 44
29 53
29 58
29 59
30 8
30 9
30 19
30 21
30 22
30 28
30 31
30 32
30 33
30 37
30 38
30 39
30 40
30 43
30 46
30 47
30 48
30 49
30 50
30 51
30 52
30 53
30 54
30 59
30 65
30 67
30 69
30 71
30 73
30 74
30 75
30 77
30 79
31 8
31 9
31 10
31 14
31 19
31 24
31 25
31 31
31 32
31 36
31 37
31 38
31 39
31 40
31 44
31 45
31 46
31 47
31 48
31 49
31 50
31 53
31 54
31 55
31 59
31 60
31 65
31 67
31 69
31 71
31 74
31 77
31 79
32 9
32 10
32 14
32 15
32 16
32 17
32 22
32 23
32 24
32 25
32 26
32 31
32 35
32 36
32 37
32 38
32 39
32 44
32 45
32 46
32 47
32 48
32 49
32 51
32 52
32 55
32 60
32 61
32 65
32 67
32 69
32 71
32 74
32 77
32 78
32 79
33 9
33 10
33 11
33 15
33 16
33 17
33 18
33 19
33 20
33 21
33 22
33 23
33 24
33 25
33 27
33 34
33 35
33 36
33 37
33 41
33 42
33 43
33 44
33 45
33 46
33 47
33 52
33 53
33 61
33 66
33 68
33 71
33 74
33 77
33 79
34 10
34 11
34 12
34 18
34 19
34 20
34 26
34 28
34 34
34 35
34 36
34 39
34 40
34 41
34 42
34 43
34 44
34 45
34 46
34 53
34 61
34 62
34 66
34 68
34 71
34 74
34 77
34 79
35 11
35 12
35 13
35 14
35 15
35 16
35 18
35 21
35 29
35 35
35 38
35 39
35 41
35 42
35 43
35 44
35 45
35 46
35 54
35 62
36 13
36 14
36 17
36 18
36 19
36 21
36 25
36 30
36 31
36 37
36 38
36 41
36 42
36 43
36 44
36 45
36 59
36 60
36 62
36 63
36 67
36 69
36 72
36 73
36 76
36 79
37 12
37 16
37 17
37 18
37 19
37 20
37 23
37 24
37 25
37 26
37 30
37 31
37 32
37 37
37 43
37 44
37 56
37 57
37 58
37 63
37 64
37 67
37 69
37 71
37 74
37 76
37 79
38 13
38 15
38 16
38 17
38 18
38 20
38 21
38 27
38 30
38 31
38 32
38 40
38 55
38 62
38 63
38 68
38 71
38 74
38 76
38 79
39 13
39 16
39 17
39 18
39 19
39 22
39 23
39 30
39 31
39 32
39 38
39 39
39 40
39 41
39 42
39 43
39 54
39 62
39 68
39 71
39 74
39 76
39 79
40 12
40 13
40 17
40 18
40 19
40 20
40 26
40 27
40 28
40 29
40 30
40 31
40 37
40 41
40 42
40 56
40 61
40 62
40 63
40 68
40 72
40 73
40 77
40 78
41 13
41 18
41 19
41 20
41 21
41 22
41 23
41 29
41 30
41 36
41 39
41 56
41 57
41 58
41 60
41 61
42 13
42 18
42 19
42 20
42 24
42 25
42 26
42 38
42 57
42 58
42 59
42 60
43 12
43 13
43 14
43 18
43 22
43 23
43 24
43 25
43 26
43 27
43 36
43 38
43 42
43 57
43 58
43 59
43 60
43 61
44 10
44 11
44 13
44 14
44 17
44 21
44 22
44 23
44 24
44 25
44 26
44 27
44 28
44 35
44 36
44 37
44 38
44 39
44 41
44 42
44 58
44 59
44 60
44 61
44 62
45 12
45 13
45 14
45 17
45 20
45 21
45 22
45 23
45 24
45 25
45 26
45 27
45 28
45 29
45 30
45 35
45 36
45 37
45 39
45 40
45 41
45 42
45 43
45 56
45 57
45 58
45 59
45 60
45 61
45 62
45 63
45 64
46 11
46 12
46 13
46 14
46 16
46 19
46 20
46 21
46 22
46 23
46 24
46 25
46 26
46 27
46 28
46 29
46 30
46 31
46 32
46 33
46 36
46 37
46 38
46 46
46 59
46 60
46 61
46 62
46 63
46 64
46 65
46 66
46 67
46 68
46 69
46 70
46 71
46 72
46 73
47 12
47 13
47 14
47 18
47 19
47 21
47 22
47 23
47 24
47 25
47 26
47 27
47 28
47 29
47 30
47 31
47 32
47 33
47 34
47 35
47 36
47 38
47 39
47 40
47 41
47 47
47 57
47 58
47 59
47 62
47 63
47 64
47 65
47 66
47 67
47 68
47 69
47 70
47 71
47 72
47 73
47 74
47 75
47 76
48 17
48 18
48 24
48 25
48 26
48 27
48 28
48 29
48 30
48 31
48 32
48 33
48 34
48 37
48 48
48 54
48 55
48 56
48 57
48 73
48 74
48 75
48 76
48 77
49 11
49 12
49 13
49 14
49 17
49 20
49 21
49 22
49 25
49 26
49 27
49 28
49 30
49 31
49 32
49 36
49 37
49 38
49 46
49 48
49 49
49 54
49 77
49 78
49 79
50 7
50 8
50 9
50 10
50 11
50 12
50 13
50 14
50 15
50 17
50 19
50 20
50 23
50 24
50 27
50 29
50 30
50 36
50 37
50 38
50 39
50 40
50 41
50 42
50 43
50 44
50 45
50 46
50 47
50 54
50 78
50 79
50 80
51 1
51 2
51 3
51 5
51 6
51 7
51 8
51 9
51 10
51 11
51 12
51 13
51 15
51 19
51 20
51 24
51 25
51 26
51 37
51 39
51 40
51 41
51 42
51 43
51 44
51 45
51 46
51 54
51 77
51 78
51 79
52 4
52 5
52 6
52 7
52 8
52 9
52 10
52 11
52 12
52 13
52 15
52 16
52 20
52 21
52 25
52 26
52 27
52 28
52 37
52 38
52 42
52 43
52 54
52 55
52 72
52 73
52 74
52 75
52 76
52 77
53 1
53 2
53 5
53 6
53 7
53 8
53 9
53 10
53 11
53 12
53 13
53 16
53 20
53 22
53 28
53 29
53 30
53 38
53 42
53 52
53 55
53 56
53 69
53 70
53 71
53 72
53 73
53 74
54 1
54 2
54 3
54 6
54 7
54 8
54 9
54 10
54 11
54 12
54 13
54 14
54 16
54 20
54 21
54 23
54 31
54 32
54 37
54 52
54 56
54 57
54 66
54 67
54 68
54 69
54 70
54 71
55 3
55 4
55 6
55 7
55 8
55 9
55 10
55 11
55 12
55 13
55 14
55 17
55 21
55 24
55 33
55 51
55 57
55 58
55 59
55 60
55 61
55 62
55 63
55 64
55 65
55 66
55 67
55 68
55 69
55 70
56 4
56 7
56 8
56 9
56 10
56 11
56 12
56 13
56 14
56 17
56 21
56 22
56 25
56 26
56 51
56 59
56 60
56 61
56 62
56 63
56 64
56 65
56 66
56 67
56 68
57 1
57 4
57 5
57 8
57 9
57 10
57 11
57 12
57 13
57 14
57 17
57 22
57 50
57 55
57 63
57 64
57 65
58 1
58 2
58 5
58 6
58 9
58 10
58 11
58 12
58 13
58 14
58 15
58 17
58 23
58 49
58 54
58 55
58 56
58 57
58 58
58 59
58 60
58 61
58 62
58 63
59 1
59 2
59 6
59 7
59 10
59 11
59 12
59 13
59 14
59 15
59 18
59 24
59 25
59 26
59 48
59 54
59 55
59 56
59 57
59 58
59 59
59 60
59 61
59 62
59 63
59 64
60 1
60 2
60 3
60 7
60 10
60 11
60 12
60 13
60 14
60 15
60 18
60 22
60 47
60 53
60 54
60 55
60 56
60 57
60 58
60 59
60 62
60 63
61 1
61 2
61 3
61 7
61 11
61 12
61 13
61 14
61 15
61 18
61 23
61 46
61 52
61 53
61 54
61 55
61 56
61 57
61 58
61 61
61 62
62 1
62 2
62 3
62 4
62 7
62 8
62 11
62 12
62 13
62 14
62 15
62 19
62 23
62 52
62 54
62 55
62 56
62 57
62 60
62 61
62 62
62 63
63 1
63 2
63 3
63 4
63 8
63 12
63 13
63 14
63 15
63 16
63 19
63 24
63 51
63 53
63 54
63 55
63 56
63 59
63 60
63 61
63 63
63 64
64 2
64 3
64 4
64 5
64 8
64 9
64 12
64 13
64 14
64 15
64 16
64 20
64 50
64 53
64 54
64 55
64 56
64 59
64 60
64 63
64 64
65 3
65 4
65 5
65 9
65 10
65 13
65 14
65 15
65 16
65 20
65 49
65 52
65 53
65 54
65 55
65 58
65 59
65 63
65 64
65 65
66 3
66 4
66 5
66 6
66 10
66 13
66 14
66 15
66 16
66 20
66 48
66 51
66 52
66 53
66 54
66 58
66 59
66 62
66 63
66 64
66 65
67 3
67 4
67 5
67 6
67 10
67 11
67 14
67 15
67 16
67 17
67 21
67 47
67 51
67 52
67 53
67 54
67 57
67 58
67 62
67 63
67 64
67 65
67 66
68 4
68 5
68 6
68 7
68 11
68 14
68 15
68 16
68 17
68 21
68 46
68 50
68 51
68 52
68 53
68 56
68 57
68 61
68 62
68 63
68 64
68 65
68 66
68 67
69 1
69 4
69 5
69 6
69 7
69 11
69 12
69 15
69 16
69 17
69 22
69 45
69 50
69 51
69 52
69 53
69 56
69 61
69 62
69 64
69 66
69 67
69 68
70 1
70 2
70 5
70 6
70 7
70 12
70 16
70 17
70 18
70 22
70 44
70 49
70 50
70 51
70 52
70 55
70 56
70 60
70 61
70 62
70 64
70 66
70 68
71 2
71 3
71 6
71 7
71 8
71 12
71 13
71 16
71 17
71 18
71 23
71 43
71 49
71 50
71 51
71 52
71 55
71 60
71 61
71 62
71 64
71 66
71 68
72 3
72 7
72 8
72 13
72 17
72 18
72 24
72 41
72 42
72 49
72 50
72 51
72 54
72 55
72 59
72 60
72 61
72 62
72 64
72 66
72 68
72 69
73 3
73 4
73 7
73 8
73 9
73 13
73 17
73 18
73 19
73 25
73 40
73 48
73 49
73 50
73 51
73 54
73 59
73 60
73 61
73 64
73 66
73 69
74 1
74 4
74 8
74 9
74 13
74 14
74 18
74 19
74 26
74 39
74 48
74 49
74 50
74 53
74 54
74 58
74 59
74 60
74 61
74 66
74 69
75 1
75 2
75 5
75 9
75 10
75 14
75 18
75 19
75 20
75 27
75 28
75 37
75 38
75 47
75 48
75 49
75 50
75 53
75 54
75 58
75 59
75 60
75 65
75 66
75 69
76 1
76 2
76 6
76 10
76 14
76 18
76 19
76 20
76 29
76 30
76 36
76 47
76 48
76 49
76 52
76 53
76 57
76 58
76 59
76 60
76 65
76 68
76 69
77 1
77 2
77 3
77 10
77 14
77 15
77 19
77 20
77 21
77 31
77 33
77 34
77 35
77 46
77 47
77 48
77 49
77 52
77 53
77 57
77 58
77 59
77 64
77 65
77 68
78 1
78 2
78 3
78 4
78 7
78 11
78 15
78 19
78 20
78 21
78 32
78 45
78 46
78 47
78 48
78 51
78 52
78 56
78 57
78 58
78 63
78 64
78 67
78 68
79 1
79 2
79 3
79 4
79 5
79 8
79 11
79 16
79 20
79 21
79 22
79 33
79 45
79 46
79 47
79 48
79 51
79 52
79 56
79 57
79 63
79 67
79 68
80 1
80 2
80 3
80 4
80 5
80 6
80 9
80 12
80 17
80 18
80 21
80 22
80 34
80 44
80 45
80 46
80 47
80 50
80 51
80 55
80 56
80 62
80 63
80 66
80 67
80 68
